informationGain,seriesId,startPos,classVal,numChannels,dimension
1.0,10,481,1.0,1,0
-0.9664102670407673,-2.108507903523604,-1.0848512511950297,-0.0018994473371663064,1.139006168740118,1.2300342990365376,0.3640009236833395,-0.4408012160423862,0.9115103216777345,0.2267880585837838,-0.3949143959538918,1.1260447093712955,
1.0,11,17,1.0,1,0
1.6426275121007434,1.6997017691112615,1.2881111894587738,0.6759782526622984,0.07017863976041315,-0.5291013983110314,-0.8837666311787489,-0.7513260348145733,-0.6053991054976081,-0.9019098032961395,-0.7249123480238784,-0.9801820419715332,
0.7582766571931676,10,325,1.0,1,0
1.0198417363326613,0.7664067741740263,0.5434957681238289,0.35136948250111477,0.19035296453096334,-0.49608249192568343,-0.6015829023490804,-0.6752572724446355,-1.5944963529764924,-1.5977504579221982,0.16184625971440575,1.9318564922410852,
0.7582766571931676,0,97,0.0,1,0
1.726801453695421,1.2944217524810742,1.0063578144987395,0.7316932015095204,0.32811003251746995,0.0800278453309794,-0.15177470620177047,-0.5177728525941498,-0.7167012928765512,-1.0526041009714135,-1.214013992980828,-1.5145451544084818,
0.7582766571931676,11,30,1.0,1,0
0.5444381822394376,1.8439891968853805,0.909854461635622,0.11003761087869202,-0.5546509789913024,-0.9220959725239273,0.6663791849836948,0.36933895306462206,0.20905081609977982,0.17861640651828464,-1.7811590408881781,-1.5737988199020987,
0.7582766571931676,11,140,1.0,1,0
1.784936525263957,0.8561326186305758,0.25737218102845144,-0.3317590137094312,-0.564313027943631,-0.2812595621742147,0.9874739054893786,0.8065746439590972,0.27611696848750095,-0.6230293120709115,-1.1379092695001314,-2.0303366574606425,
0.7582766571931676,11,249,1.0,1,0
-2.071831334641075,-1.4587664977840906,-0.8303365317251326,0.5412022760688654,1.3732887213581515,1.150216460411057,0.9670000577047643,0.40375514971272186,0.28665490503345253,0.21071439794373975,-0.2824567529350641,-0.2894408511473854,
0.7582766571931676,12,351,1.0,1,0
-0.25204307874440074,-0.7777322136850255,-1.291607378281531,-0.3061379264245353,0.6913910654080776,1.2048446194926747,1.4912660905892665,1.0402153302720303,0.6015392083129929,0.1754832943436526,-0.7316671970877745,-1.8455518141954506,
0.7582766571931676,13,4,1.0,1,0
0.8583178725246019,0.8624362118784521,0.8803720706977703,0.38867493249854473,0.09850620452635578,-0.5660065922836409,-1.3569174509338093,-1.8062767124105903,-1.1788287357288574,-0.3242956136766277,0.6440880407667295,1.4999297721410803,
0.7582766571931676,13,20,1.0,1,0
1.710824344503935,0.802753323196853,0.4337526782805166,-0.45520340517315405,-0.802558134898428,-0.07294324163275899,0.7063100498305346,0.6410321987934611,0.6165153156625495,-0.19454570470008853,-1.2905548014141572,-2.095382622449257,
0.7582766571931676,13,112,1.0,1,0
-1.1209906802897271,-0.5524472611899071,-0.1508164845927164,-0.5633655268469396,-0.5278930960312872,-1.107167279155578,-1.0215554015220532,-0.25896773970551495,0.7809798598546372,1.6922989173455394,1.4643754377761444,1.3655492543574013,
0.7582766571931676,3,151,0.0,1,0
1.7473901108747947,1.2914685428555301,1.0319842756169244,0.7128123803125956,0.2587663580372767,0.14497661208538495,-0.30707019067404,-0.41111117195960356,-0.7078590211639838,-0.998032101690019,-1.2415846472026395,-1.5217411470922169,
0.7582766571931676,3,370,0.0,1,0
1.6783778771118365,1.255548687138026,1.099051117118321,0.6516861785175727,0.5156834024652059,0.12336035884207092,-0.3175129504430796,-0.4795039953080394,-0.8522401707814921,-0.9255525623151315,-1.3524210957226002,-1.3964768466226745,
0.7582766571931676,14,105,1.0,1,0
2.386708885780981,1.3299948176539453,0.43700566151766584,-0.42012428205015084,-1.0851872736843435,-0.6823373738005669,-0.11537894110883261,-0.5251706098448738,-0.9066585073813698,-0.892238136624002,-0.26568066586619543,0.7390664254077393,
0.7582766571931676,15,1,1.0,1,0
-0.6086849367191823,-0.5824696550918598,-0.5448729256970123,-0.8233381982422642,-1.6059620227931342,-1.208826079369535,0.15838546679978843,0.6810574052182241,1.6104266825852898,1.3898167627887508,0.9719284150217352,0.5625390854991901,
0.7582766571931676,15,82,1.0,1,0
0.643634380333246,1.6291891780500274,1.418750994373352,-0.20763765242399237,-1.6766669809064803,-1.5415184961155326,0.19218062304475744,0.47574575749788534,-0.39470967515540256,0.5994987007805167,-0.20763765242399237,-0.9308291770544078,
0.7582766571931676,15,159,1.0,1,0
-1.4357932764405863,-1.166161736025389,-1.0320960576304459,-0.7956808785716586,-0.5068456106476109,-0.26370913771935744,-0.018157190561066235,0.36953193715894145,0.7585113475968455,1.0097944179421916,1.3443130960184868,1.7362930888796495,
0.7582766571931676,5,338,0.0,1,0
1.5673607185026959,1.2262559534634823,0.8853935449393584,0.8274753073838652,0.48574740913931214,0.1441925967179888,0.09035945124955197,-0.5942733938053054,-0.643709868947995,-0.9867186883425265,-1.3296582782561084,-1.6724247520443207,
0.7582766571931676,16,52,1.0,1,0
1.8848655362807147,1.5059844320460867,1.1292155251735425,0.7547277289999773,0.013060248774991784,-0.35369700556214856,-0.7174972031086436,-1.0780869250684697,-0.8509018535012577,-0.615225934918869,-0.9609881689865855,-0.7114563801293414,
0.7582766571931676,16,385,1.0,1,0
1.5984236317099987,1.2306414496862563,1.1406590460428585,0.771397381911636,0.40259093778647737,0.31697109498328013,-0.42322137388559705,-0.5039855465554666,-0.875409483369945,-0.9488521152113253,-1.3217935338336448,-1.3874214892645287,
0.7582766571931676,17,444,1.0,1,0
0.6422941290287294,-0.360409955782552,0.36322755074568513,1.1092834266148925,1.876532825269195,0.9369188044418576,0.011760518844315159,-0.8978396696231434,-1.7910242269341572,-0.9339787248231368,-0.05892500815853586,-0.8978396696231434,
0.7582766571931676,7,147,0.0,1,0
1.6223003416985544,1.3640095397767953,0.9925803657737621,0.7459811745406569,0.37755761748192573,0.1433393873850264,-0.22166492448179814,-0.44267493132882174,-0.8038739535876146,-1.010903638988412,-1.2066829192247694,-1.5599680590453024,
0.7582766571931676,7,355,0.0,1,0
1.5751667590167493,1.3526503147440474,1.1342443374706206,0.6781588495427022,0.46464008135338936,0.009147851906800434,-0.19886795917986713,-0.4016762791526293,-0.8551359197370373,-1.0511392159533584,-1.2410687861229033,-1.466120033888517,
0.7582766571931676,18,102,1.0,1,0
1.0889674353882695,0.14270496702800903,-0.7704420379052338,-1.6482596318347837,-0.43590338115832555,-1.2494137306966342,0.005667381276286884,0.005667381276286884,-0.7425026685275936,0.5510124291453065,1.8567997916019408,1.1957020644064715,
0.7582766571931676,18,194,1.0,1,0
1.6138841715250285,0.40870884740786273,-0.7943305916573278,-0.416645312460079,-0.416645312460079,-0.0154646847676316,0.40870884740786273,0.8554981829032694,1.3242752283956762,0.1648342613922238,-0.9907118834395435,-2.1421117542472485,
0.7582766571931676,18,332,1.0,1,0
1.780954442761317,1.3444623691485866,0.9098425868787219,0.708303462761032,0.2714753158382741,0.07492904670070312,-0.36425149043859534,-0.36425149043859534,-0.5554208143727299,-0.9970017937714736,-1.182506104981057,-1.6265355300861841,
0.7582766571931676,18,377,1.0,1,0
1.2102723715972814,-0.2449992684693126,-1.6849097349965412,-0.934228251421185,-0.11745917801436632,-1.461994145765244,-0.5445665476932355,0.42886854094319876,1.4530319974882442,0.2618023613391363,1.372379493652935,0.2618023613391363,
0.7582766571931676,8,376,0.0,1,0
1.652058887675434,1.4700725474779723,0.8565683621069046,0.6985858038612415,0.556481151664018,-0.028655129461215186,-0.1415532204592997,-0.7031227974628935,-0.7827530533120508,-0.842877878989357,-1.3568780792541055,-1.3779265938466487,
0.7582766571931676,8,407,0.0,1,0
-1.539802432352942,-1.238677779743807,-0.9330665386224182,-0.8080206725489463,-0.48892239697675777,-0.1667810810290188,1.183073197445027E-4,0.48552287236044567,0.6665790878609846,1.0026974265585826,1.3404928034693075,1.6798604037048401,
0.7582766571931676,8,450,0.0,1,0
-1.6465979206205368,-1.3352847090074056,-1.0226376598482219,-0.7918549666372707,-0.32155924447495465,-0.09143481812090587,0.22292710206140276,0.45277436944839755,0.7676040025426845,0.997174110962625,1.2271253272724147,1.5417644064217773,
0.7582766571931676,19,12,1.0,1,0
0.8860076415558527,0.8215209128299574,0.8000253365879896,0.8215209128299574,0.8860076415558527,-1.2197158764732103,-1.2197158764732103,-1.1099198726336676,-0.9567112394684303,-0.7600899769774924,-0.5202668235817419,1.5713372202481404,
0.7582766571931676,19,102,1.0,1,0
-2.212022642853085,-1.5641292912366163,-0.9123205065588281,-0.25674404104475207,0.4023784345732551,0.0786533834944992,0.7474536920912621,0.7474536920912621,0.4436013432417861,1.1213406425105974,0.8372131552676821,0.567122138422938,
0.7582766571931676,10,346,1.0,1,0
-2.28148647405043,-1.6471148415782821,-1.0124846545440864,-0.1915641632749869,0.27279913324543575,0.3871813019914609,0.23457626664186407,0.3686873332232921,0.16898564356521717,0.667867019487509,0.8327063549360323,1.0075679899984913,1.1922790903584817,
0.7582766571931676,1,254,0.0,1,0
1.6039502215162351,-0.4573016588525017,-0.39659097788811126,-0.15413556300001618,0.5090923163200477,-1.0664805714830607,-2.1946405929041672,-0.7815890038400641,0.3488496853514059,-0.15413556300001618,1.286698989474035,1.1475840627899796,0.3086986555163774,
0.7582766571931676,3,323,0.0,1,0
1.660471488003302,1.3799333433397845,1.1493343340331394,0.7356315050048693,0.5062639162215418,0.2344973481202822,-0.17702680865573758,-0.2576379509609166,-0.6671160386230008,-0.7402439124424921,-0.9941642633500714,-1.2126953111824255,-1.6172476495082702,
0.7582766571931676,3,445,0.0,1,0
-1.6267365448673672,-1.3160358533391978,-1.0017269051294762,-0.7903096454566887,-0.5090065728052549,-0.2958674908843423,-0.014209921452113432,0.20051173730892188,0.4824731508534394,0.8071510040786039,1.02502510841604,1.353830264377448,1.6849016688999872,
0.7582766571931676,14,140,1.0,1,0
-1.872822338585092,-1.3866613909489154,-0.48633414195908325,-0.07082530931672298,-0.022028949308476372,0.03528067460666421,-0.3629439623736589,-0.6456076368878311,-0.19432898545435354,0.8924679863522332,1.7092310981747878,1.4583945153769096,0.9461784403235525,
0.7582766571931676,4,223,0.0,1,0
-1.636055214156794,-1.1200990062128091,-1.2527368108043309,-0.7329848847525835,-0.8509207949203759,0.1955865286166175,0.09422370231256776,0.004355017106509767,0.5325004204782939,0.9861206453967446,0.9226084244879252,1.4541753491887004,1.4032266232595307,
0.7582766571931676,15,392,1.0,1,0
1.7234527002593383,1.8048404653142123,0.803676877732367,-0.11583640210114635,0.1529666211775224,0.4758972825755951,-0.22566425597313347,0.21862743510780944,-0.3301187015917568,-1.605196647929294,-0.9911828769515194,-1.3227633967118986,-0.5886991009080924,
0.7582766571931676,5,32,0.0,1,0
1.5958519003668186,1.3445097693352703,1.0964280123294021,0.8517165483319058,0.610485232195377,0.13897608426457447,-0.09104541954030841,-0.3170737988549666,-0.5389992629568992,-0.7566386562950174,-0.9698819829305162,-1.3825944826228858,-1.5817339436227495,
0.7582766571931676,5,245,0.0,1,0
1.6012983358773032,1.156612607752776,1.3130857021371745,0.43422705225547703,0.6075488504143991,0.17417386212998304,0.3610592147730575,-0.06640234046960568,-0.9150832975852871,-0.7052479914127242,-1.1213048984586707,-1.534733603912777,-1.305233493501097,
0.7582766571931676,16,67,1.0,1,0
0.2587873119250774,-0.5932591278885126,-1.4299286198178194,-0.6271115280929351,0.19257437420465792,-0.5932591278885126,1.1254075112885658,2.0055685912102263,1.2868659942308653,0.5880158006617296,-0.08983446398577538,-0.7456520532592535,-1.3781746625882934,
0.7582766571931676,6,91,0.0,1,0
1.7510311391979805,1.4690432235675934,0.9976866816615538,0.7432868496009238,0.5026612414385808,0.1684952085526156,-0.035803420767487715,-0.41437103220955124,-0.5848270529508303,-0.9221639476918332,-1.0564198240650708,-1.173499141769568,-1.4451199245649102,
0.7582766571931676,6,177,0.0,1,0
1.606925670940258,0.670195655785316,0.1471411404485412,-0.7558446973086242,-0.8696563899846843,-1.347585561611912,-1.3916726149364966,-0.6029377069940016,0.20544466832881703,1.021095029053009,1.4616859993878857,0.7248651968765759,-0.8696563899846843,
0.7582766571931676,6,477,0.0,1,0
-1.6777139796806524,-1.4251848539475789,-1.038325536944872,-0.7802815562879886,-0.5193974865761533,-0.2106023493285964,0.0568579093412375,0.37451824731476396,0.5683402932547174,0.819022289562905,1.0261763237938752,1.2932518488763172,1.5133388506219911,
0.7582766571931676,18,233,1.0,1,0
-0.23181126010127867,0.3659479575371044,0.9843861900592918,1.6224318146243963,1.6224318146243963,0.7743828714056685,-0.06230864680859957,-0.8865715091868496,-0.18552488902565836,-0.9810729372460912,-1.7622636437225037,-1.0126805189263568,-0.24734724323352175,
0.7582766571931676,8,328,0.0,1,0
1.6033311631064648,1.3361324232826464,1.0689336834588279,0.8017349436350089,0.5345362038111904,0.267337508141622,1.5210290142394974E-4,-0.2670465927681444,-0.5342319980083424,-0.8014173590942901,-1.0686027201802377,-1.3357880812661853,-1.6050712770199829,
0.7582766571931676,19,32,1.0,1,0
1.1815015803393545,1.4428430208804108,1.7236370881268255,0.7078730145140502,-0.3061995487910422,-1.3184748823942236,-1.000678639916742,-0.663112483467702,-0.3061995487910422,0.06974313501405578,0.4641868418929322,-0.511403345578364,-1.4837162318285255,
0.6099865470109875,10,15,1.0,1,0
2.207731819295386,1.5264556316259712,0.846036199068368,0.34580541126087855,0.03106568340231951,-0.4654603886961672,-0.921489132573574,-1.0617361998102992,-0.9106528144428525,-0.7364843201471372,-0.539855953958749,-0.3214159350241449,
0.6099865470109875,10,205,1.0,1,0
-0.990582091285126,-1.0087814307838392,-1.0174111903339955,-1.0164499608994908,-0.716245821422948,-0.40290482783698656,-0.07691840305262887,0.21657874676992564,0.6226677281053633,1.0312138239959168,1.4420879581706523,1.9167454685731553,
0.6099865470109875,10,360,1.0,1,0
0.9537551999663798,0.49528161646582514,0.11454964478985578,1.0887890623456193,0.840356294495652,0.6701382228613303,0.5783713896381912,0.5652952216826876,-0.5881970255123953,-1.7454941404624473,-1.5992879863356568,-1.3735574999350162,
0.6099865470109875,0,40,0.0,1,0
1.6192828797664078,1.1800340481376157,1.1180795299872548,0.7287173970479546,0.3400736842682938,0.3301609676689328,-0.3836993202684375,-0.3602822591237509,-0.6755142441426526,-0.9936195945652907,-1.3022072176206982,-1.6010258711556373,
0.6099865470109875,0,335,0.0,1,0
-1.6682824865404127,-1.3178949833563334,-1.0748504201441682,-0.7243961562485542,-0.40229034222753624,-0.05190283904345687,0.19117534817670762,0.541640332770524,0.7848739701146269,1.0282075048737997,1.3011559938088724,1.3925640778159352,
0.6099865470109875,11,205,1.0,1,0
-0.1394817458668904,0.3945788141544525,-0.32641863620284095,-0.7119498153066015,-0.8796541779978205,-1.4996045663457174,-1.279883967629957,-0.20895181897513027,0.9086587502068657,0.8410824594018409,0.8326423983083122,2.068982306253494,
0.6099865470109875,11,340,1.0,1,0
1.263299430832446,0.8705705897483669,0.5546365836989846,0.31548373351882103,0.1533514246038422,0.06845852360183512,0.06079819093003787,0.1301583995234558,0.27697688267758674,0.5005902008664145,-2.279789098604297,-1.9145348613975244,
0.6099865470109875,1,221,0.0,1,0
1.5764568287843395,1.350707801883242,1.00129081065083,0.7754455518358762,0.42636534510243895,0.07776629793828553,-0.1275665490882837,-0.45400124860871965,-0.7787359779154651,-1.0038274835374303,-1.326397076380972,-1.517504300664142,
0.6099865470109875,1,292,0.0,1,0
-1.6365869100064796,-1.3432058136804217,-0.9910376772145566,-0.6897640805719271,-0.3832350300591884,-0.25072483779639915,0.28652616827971017,0.4241627172881206,0.7452962552908016,1.0704865953740221,1.2179701776656227,1.5501124354307076,
0.6099865470109875,1,397,0.0,1,0
1.7557254511361478,1.3334479832172073,0.9154026922032927,0.7404478367396595,0.2632758090632658,0.16254497860662018,-0.23859636957845531,-0.3993448815441124,-0.7912051414979614,-0.9442565884406467,-1.326216967780506,-1.471224802124514,
0.6099865470109875,12,33,1.0,1,0
2.182391774589843,1.5886268624764028,1.0357095076533183,0.3518200373828573,-0.3721969732199867,-0.4886283760349573,-0.6273450347375248,-0.5733791900957556,-0.6727058642530226,-0.7524517031445717,-0.812441080605891,-0.8593999600107116,
0.6099865470109875,12,119,1.0,1,0
-1.8013396854833328,0.410952849596716,1.6014409138006434,1.2632773947624485,0.786716406304983,0.4844042809981862,0.25284095440267673,-0.6684042464730428,-1.5505389274888055,-0.8098223448329944,-0.008214176353278669,0.03868658076580038,
0.6099865470109875,12,490,1.0,1,0
-2.498371297157878,-0.9896108970726704,-0.9080626542241499,0.6715906544185686,0.13800295509465912,-0.446603707557892,0.5703780794747882,0.8402768236781042,1.1457748650700799,0.8514518238628174,0.41286691039997564,0.2123064440133449,
0.6099865470109875,2,6,0.0,1,0
1.745623625197362,1.3405866060531488,0.9956118549078096,0.5904103584034626,0.358052487753958,0.06881073009247321,-0.16122720339208954,-0.44445904791285284,-0.671976143136942,-1.0740721938037838,-1.1735001851816675,-1.5738608889808765,
0.6099865470109875,2,231,0.0,1,0
1.4292095939605278,1.350189188281708,1.1733173212387689,0.7139458432574856,0.5611109867897666,-0.013721455244487394,0.008515312712007062,-0.5470683813220345,-0.923048883364405,-1.0108419535117068,-1.3430548309118477,-1.3985527418858423,
0.6099865470109875,2,323,0.0,1,0
-1.5669252116458532,-1.340243030093151,-0.9610542633679421,-0.7341171971505563,-0.35492843042534755,-0.20323581259693488,0.17595295412827394,0.3311218660663934,0.6322683944585831,1.0114571611837933,1.3906286979433233,1.619074871499397,
0.6099865470109875,2,396,0.0,1,0
1.6598892533913439,1.387693180356789,0.9896415964832771,0.731343600226863,0.35491144414568077,0.11150083888060341,-0.24188840294870945,-0.4693982105072673,-0.7982002509748544,-1.0088199466136971,-1.2124180727522227,-1.5042550296878114,
0.6099865470109875,13,149,1.0,1,0
-1.7834514026516544,-1.6143565777658344,-1.258421875025473,-0.546502019544245,-0.013115884037163022,0.5257322216929277,0.3626028032381242,0.5650232285254823,0.7768322443117676,0.9978787837644624,0.8740906920380447,1.1136877854535605,
0.6099865470109875,13,208,1.0,1,0
-1.4111519208844459,-2.2337020123317375,-1.1045384198278598,1.2932022249281883,0.8169538860238761,0.46258420021091595,0.2304242143872201,0.12049528641713478,0.13243433260622828,0.26695684141126197,0.5236890502055362,0.9026523168534685,
0.6099865470109875,13,399,1.0,1,0
1.8759095458868598,1.5926557307007672,1.2411555050446608,0.6444147571001513,-0.1978867585441872,-0.5799951302823477,-0.6015946266359063,-0.6138111762762921,-0.7361906843979927,-0.9707380986060095,-0.7211137905257333,-0.9328052734639835,
0.6099865470109875,13,430,1.0,1,0
1.4680724383138628,0.46998350491582436,1.829857526062224,0.9423587134592242,0.11211299320626235,-0.6603906226639461,-1.3744999527893103,0.2517378314774667,-0.349823345900343,-0.8920112215570505,-1.3744999527893103,-0.42289791173494273,
0.6099865470109875,3,15,0.0,1,0
1.7000636942514884,1.3337681965875363,0.9682604367883074,0.7340700515036597,0.38828966094054174,0.04937095862221567,-0.1726189023537943,-0.49938957965330794,-0.7129773797305253,-1.026689837223137,-1.2312278780625971,-1.5309194216703916,
0.6099865470109875,3,282,0.0,1,0
-1.7049965527948587,-1.2201626147676292,-0.5930823654010244,-0.9380293998247142,-0.3880195288380566,-0.5734900816680794,0.0987192521318602,0.7020160221430505,1.326352648293907,1.2108634276650896,1.0736470922212509,1.0061821008392227,
0.6099865470109875,3,296,0.0,1,0
-0.08527985679686391,0.030262287789141556,0.16233162816905045,0.4426516441232021,0.8216345721877475,1.1287587846088172,-0.2505826951464964,0.14580443237516072,0.8216345721877475,-0.3937875116162391,0.15676697816520294,-2.980194836046553,
0.6099865470109875,14,209,1.0,1,0
1.482602065101541,1.0980342670180079,0.7506042845753884,0.44107447629520313,-0.4376406873996525,-1.4621838537922731,-1.6596666931769064,-0.7588338325368198,-0.8456578714732889,-0.0451496683952551,0.2552527055184483,1.1815648082655819,
0.6099865470109875,14,235,1.0,1,0
-0.19499463060777675,-0.8688349859628179,-1.1661134560916129,-1.7666186982889354,-0.706010287604763,0.7235238613087479,0.7356593464629231,0.24409245077913805,-0.20998302837265073,0.2662738930680871,0.897920998348683,2.0450845369609856,
0.6099865470109875,14,491,1.0,1,0
-1.9306915654346095,0.05837156100217586,0.5032282229122614,0.09040487058828804,-0.9781553591366337,-0.4235014597909777,0.9009930433364455,1.5348855290226668,1.365093188303831,0.4748167394005044,-0.3841070115279925,-1.2113377586760137,
0.6099865470109875,4,104,0.0,1,0
-2.0955991504223315,-1.5491605089909495,-1.0025558316184735,-0.45567449858758213,0.013800261787519547,0.5623414224037891,0.49478351463828657,0.43618910129427885,0.9868328874605494,0.8979176095988675,0.8667115746124,0.8444136178236537,
0.6099865470109875,4,123,0.0,1,0
-1.7567890822667476,-1.6153325177412643,-1.4485143748603941,0.3058333124184657,0.5197513563472282,0.7584005048921268,1.0213083569805264,-0.23746789351230357,0.07884096316208043,0.4190932865103399,0.7834468463778884,1.171429241692089,
0.6099865470109875,4,358,0.0,1,0
1.4839063223270206,1.4084752716251805,0.828902795187259,0.7553566665847261,0.4649420538929581,0.3943880449939311,-0.1876678465076956,-0.47832179886547593,-0.768736354037497,-1.0588816592752228,-1.1303632316095085,-1.7120002643156778,
0.6099865470109875,4,392,0.0,1,0
1.6639210255273573,1.365278930700638,1.0677857780938884,0.6553736798830245,0.35714685576791194,0.060196088795868165,-0.05402084133285654,-0.6507622159092821,-0.7628092354057808,-1.0626955472958928,-1.1686150385496221,-1.4707994802752766,
0.6099865470109875,15,20,1.0,1,0
1.2036005347468044,0.9850049979912847,0.5806982915901572,0.7531232787399214,0.7462031749907508,0.5633448079349371,0.3883574788248936,0.04313711276728266,-0.6833574829977915,-1.2531955902355285,-1.465742405130422,-1.8611741992222761,
0.6099865470109875,15,111,1.0,1,0
-2.580467597549915,-1.200023821132675,-0.8686674740250218,0.2215665303119103,0.6210333151242439,0.6517896287877466,0.7441101690180575,0.4744739638696882,-0.08983972515486469,0.42553422712235,0.662076319114294,0.9384144645141663,
0.6099865470109875,5,63,0.0,1,0
1.6441578125969996,1.5059950169577745,0.9230928836576546,0.6828773475337145,0.09471412926760116,-0.006083126221349339,-0.09175480168005369,-0.16206175212557394,-0.8128197306193987,-0.853114665987367,-1.4500662792238306,-1.4749368341561762,
0.6099865470109875,5,426,0.0,1,0
-1.4458100571320376,-1.4700989072667332,-0.870554619153008,-0.870554619153008,-0.27107038360995384,-0.24804095766713935,0.3509635922196388,0.3883263699294188,0.44062239519079327,1.0374678871827703,1.1826010922063135,1.7761482072529489,
0.6099865470109875,16,146,1.0,1,0
1.323027590835361,1.2978010296325972,1.2826577772691539,0.9187833887623441,0.5549090422994529,0.19103465379264328,-0.5366413872423079,-0.5190590410462207,-0.8822781330423242,-1.2454610672686846,-1.2141917439074943,-1.1705821100845184,
0.6099865470109875,16,332,1.0,1,0
-2.208114319206858,-1.413365459206035,-0.6114729262966643,0.197047806053381,1.0121943458558522,0.38281678951107373,1.2122542631130118,0.6017219861956503,0.0022693988521635578,-0.5857925404449484,0.2731572841851641,1.137283371388217,
0.6099865470109875,16,356,1.0,1,0
1.208976899722718,0.8583215823014596,0.5193404200669546,1.3253682873078048,0.6925338878491998,0.39432372147851874,0.10839848535047351,-0.16498221598070134,-0.4256433003737856,-1.258329939164183,-1.5099310258584613,-1.7483768026999889,
0.6099865470109875,6,150,0.0,1,0
-0.7148457672959028,0.24871057133799168,1.1987052491595647,1.7919852723427305,0.9502697997502021,0.23074464061949632,-0.4775552655373658,-1.036971090575683,-1.464072565736542,-1.2740469147380356,-0.2755790295756837,0.8226551002492231,
0.6099865470109875,6,233,0.0,1,0
-1.4962868981733848,-1.2492432418836765,-1.030588642875001,-0.8036405420862832,-0.484837032815604,-0.16091947797703188,0.08602128353610738,0.43760763221973376,0.6937370267557019,1.0349514144049972,1.3128846005216352,1.6603138783728093,
0.6099865470109875,17,17,1.0,1,0
1.3230276078270788,1.2978010256319599,1.2826577971289048,0.9187834358137021,0.5549090324708659,0.19103467115566308,-0.5366414277254415,-0.5190591675864171,-0.8822783601354979,-1.245460988644132,-1.214191589364492,-1.1705820365721933,
0.6099865470109875,17,203,1.0,1,0
-2.2081140112212023,-1.4133656377266677,-0.6114727708615303,0.19704692444290928,1.0121946437176657,0.3828169029198397,1.2122536089358074,0.6017222191242929,0.002269815267495535,-0.5857927645695977,0.2731568201857855,1.137284249785226,
0.6099865470109875,7,245,0.0,1,0
-1.5461971901570508,-1.3765421345860118,-0.9589167153809187,-0.7890000224309819,-0.37143070010751533,-0.20128981000510596,0.21624213554994634,0.46374532130783147,0.6337928012182114,0.9746538896044407,1.3920924249674635,1.562850000019697,
0.6099865470109875,7,408,0.0,1,0
-1.5559140534739435,-1.25515020505082,-0.9522021468778543,-0.7716216688084001,-0.46092480956233617,-0.25549984271729564,0.16453190589052347,0.3788101391257604,0.697303646317865,1.016618524828822,1.336662270704276,1.6573862396233998,
0.6099865470109875,18,266,1.0,1,0
-0.7484410171485636,-1.3442299227665226,-0.11335897491912605,-0.6725737867293272,0.5747485473707343,0.051835891924815726,-0.44524403291509335,-0.9159471864465287,-0.9159471864465287,1.6515737319256347,1.6515737319256347,1.2260102042248764,
0.6099865470109875,18,312,1.0,1,0
0.7147497825532042,-1.4976389792401301,-1.4976389792401301,-1.0696884713449084,-0.5985609256547216,-0.08470557731813101,0.4712026239086936,1.068489276786247,1.7064794315583596,-0.4418181747820321,0.2490193665873865,0.9801106261861381,
0.6099865470109875,18,400,1.0,1,0
-0.47791634669398925,-0.8469683852872878,-1.1640147980065496,-1.1640147980065496,-0.059370574402009595,-0.30958619031863743,-0.5062008645665893,-0.6475024491570173,0.48747781001593693,1.6230283215653543,1.545478170944659,1.5195901039126614,
0.6099865470109875,18,480,1.0,1,0
-1.8150053319628652,-1.4299462433754604,-1.034723125802435,-0.6295838823897811,-0.21486005840185105,0.20936571177935923,0.6427638983622257,1.0851692325827587,1.5363328035585992,0.8488449774352391,0.16515833288374118,0.636483685330463,
0.6099865470109875,19,147,1.0,1,0
0.827999687980563,0.9261007162997076,1.0417332451973598,1.1748970469547253,1.3253123690345663,0.40668735708502324,-0.5113782636494386,-1.428791014604278,-1.2513324918204045,-1.055969692793833,-0.8428888914972603,-0.6123700681867205,
0.6099865470109875,19,190,1.0,1,0
1.7306483547899796,1.2945442203595832,1.0976543472226856,0.658527021284227,0.22194302448608264,0.026348779742103763,-0.15595310164151274,-0.601462655662265,-0.601462655662265,-0.775366828427794,-1.2243316844525962,-1.6710888220382385,
0.6099865470109875,19,416,1.0,1,0
0.4756473476799599,0.6798127776964501,0.9418287143968928,1.2606395057135422,-0.8211311197686538,-0.4358134748125357,0.006509897382847792,0.5047836025402395,1.0577408581783485,-0.9699798658542732,-0.34713766995990936,-2.3529005731929242,
0.6099865470109875,9,77,0.0,1,0
1.720819302442415,1.2901140051697904,0.8706740896324655,0.46272776929992565,0.7768361779660454,-0.31725332847851834,0.03476746724366949,-0.31725332847851834,-0.6561220943860302,-0.9815525360559129,-1.2931448778176546,-1.590612646537673,
0.6099865470109875,9,328,0.0,1,0
1.620690017181505,1.2658476502294427,1.0641911752304736,0.7090980746229367,0.35411239930784344,0.17667335826626251,-0.2023147884616724,-0.37989713786628426,-0.7349723249284428,-0.9358228023450201,-1.291184606133241,-1.6464210151038094,
0.6099865470109875,0,71,0.0,1,0
1.5663063523316247,1.2173244743012657,1.0062495436217789,0.7984766997035906,0.6551676723938507,0.2627513376015095,0.13179623213856972,-0.2542476021095383,-0.44159941048192414,-0.7507820318393372,-1.05298389191097,-1.4243419474589973,-1.7141174282914196,
0.6099865470109875,0,121,0.0,1,0
-1.628371305616311,-1.3364973450484223,-1.0370519394476438,-0.7430477555192926,-0.547395101854413,-0.2503902571199375,-0.05039638997165008,0.24795866433562216,0.5474843977490875,0.7480481095226689,1.0480936911796523,1.3495995710182944,1.6519656607723496,
0.6099865470109875,0,177,0.0,1,0
1.5871697579571429,1.22146603818066,1.2181517825064287,0.8822064238584986,0.5665348278140875,0.25019338664087787,-0.05673401488434593,-0.3233959719763343,-0.6062063183803402,-0.836692770157693,-1.0945752532919717,-1.287934273852085,-1.5201836144149332,
0.6099865470109875,0,219,0.0,1,0
1.8498673020423892,1.4231310526389631,1.0072076931588836,0.7872965829614798,0.3993010945200448,0.2206104151313421,-0.13780403866508653,-0.4834770879773556,-0.6010430291158304,-0.9148279594413161,-0.9875231805537937,-1.2680424814919147,-1.2946963632078057,
0.6099865470109875,0,431,0.0,1,0
-1.624296439606461,-1.4500389809356122,-1.0711794092675964,-0.6788982563856975,-0.45124582881970676,-0.34683500254641647,-0.08621197410103014,0.3589480201464479,0.651217545963615,0.8021777565319357,1.1236248383743155,1.2958623078512221,1.4768754227949885,
0.6099865470109875,0,467,0.0,1,0
-1.6604112351058917,-1.331023606553153,-1.0895372742913065,-0.769980000867085,-0.5271393388120416,-0.28385507265040827,0.033203763831141486,0.2745848566803138,0.6010073878372936,0.8491367146516732,1.099997962344246,1.273535909336831,1.530479933598401,
0.6099865470109875,1,49,0.0,1,0
1.6661675345238631,1.4408949771060748,1.1104556689542329,0.8718869386649476,0.5256446763662415,0.15636706300979836,-0.08206619664379104,-0.45100507595949546,-0.7095942749700425,-1.0910332217294079,-1.1013483511976037,-1.2288390885232434,-1.1075306496015862,
0.6099865470109875,1,309,0.0,1,0
-1.7675585492548347,-1.4310408315621195,-1.1177126385705407,-0.6475223501380379,-0.4676449303839595,-0.13033521153796526,0.051300405537912125,0.38997238291558955,0.6016245379917747,0.7867924637706896,1.0044637545425166,1.1922294006924379,1.5354315659965387,
0.6099865470109875,12,196,1.0,1,0
-2.275928514500482,-1.4825833854604553,-0.6849659598129083,0.11675658868006136,0.4388674723294386,0.054844271776873,0.011722595574911867,0.40582537403759583,0.8258610703683795,1.2712625331435412,1.310011918322579,0.6224349667363075,-0.6141089311958561,
0.6099865470109875,3,37,0.0,1,0
1.6482028747603668,1.3453834491617245,1.0611633286818059,0.7193573414588235,0.45853980384756604,0.2957089694263343,0.06843426665900218,-0.3296233461185714,-0.46144641342541187,-0.8439200379758707,-0.9574907009787033,-1.3233664011360193,-1.680943134361046,
0.6099865470109875,3,495,0.0,1,0
1.4332115831302243,1.3493245915148544,0.8697024743373397,0.8003327572548022,0.3420163828255609,0.6281533544231603,-0.14916766056437777,0.15988338157230356,-0.24985192457620536,-1.0042055034572293,-1.0196023897566588,-1.3977655220986278,-1.7620315246051386,
0.6099865470109875,14,71,1.0,1,0
0.9374642393414873,0.1721644585617485,-0.5486053881161834,0.1721644585617485,-0.45757120978721677,-0.2959410444162639,-0.8170677465761316,-1.2901099083068324,-0.9237020492641584,0.0917937458391575,-0.22534505737427765,0.3377443043105684,2.8470111972263186,
0.6099865470109875,4,404,0.0,1,0
1.618141186755401,1.4771507310321808,1.0053001568238353,0.8770200685141909,0.2874403411371072,0.19321682995431713,0.11940934053336084,-0.3670157505733996,-0.42242136759999543,-0.9459954862441851,-0.9576756657845623,-1.4484196214366611,-1.436150763111598,
0.6099865470109875,4,440,0.0,1,0
-1.730528202250275,-1.3979242608032205,-1.0628496290240348,-0.7255598955677647,-0.507602130832649,-0.16228370129143632,0.18430568822843219,0.08364565791896478,0.7868873673391492,0.7047533245427244,1.0602429255614705,1.4162045974294293,1.350708258749187,
0.6099865470109875,15,33,1.0,1,0
1.8866350592207994,1.4619508078407135,1.1405673230340065,0.7004162784707185,0.3692530052931912,0.152473155943015,-0.16638109788858593,-0.5997874532358907,-0.9276243848113409,-0.9326062300468044,-0.9313646435430961,-0.9214008981103939,-1.232130922166336,
0.6099865470109875,15,124,1.0,1,0
-1.0110806000961343,-1.2319241298877133,-1.2604676006273048,-0.8115161298820149,-0.5011015393758106,-0.1672833743021151,0.008192201854898887,-0.06969414927570393,-0.11519921595265074,0.41599034782394145,1.2808953647535917,1.5025956053377623,1.9605932196292581,
0.6099865470109875,15,145,1.0,1,0
-1.8553859250173346,-1.705324235657892,-1.3115018632898947,-0.699041468669116,0.11767462152725265,0.16274427718430498,0.42534710063338105,0.4979945456709054,0.6163253973463052,0.7209900751861261,1.0394645568839915,0.9252663098168891,1.0654466083850764,
0.6099865470109875,15,215,1.0,1,0
1.9158840093501421,1.3843513445263074,0.8603892306986087,0.6134147118171294,0.39192707062187776,0.16448528815128088,-0.054847107882878686,-0.23465595335093725,-0.4334047969255233,-0.6236132243514749,-1.0708991902643916,-1.2429219698802156,-1.6701094125099227,
0.6099865470109875,15,495,1.0,1,0
-1.5375439966148574,-1.0698887526218057,-0.7131244915184034,-0.5078869850065346,-0.5697718838262917,-0.46103717482079926,-0.23743222668440622,-0.11119254343704463,0.02516199646199076,0.5347664281767857,0.9724692222969473,1.5808502419423935,2.0946301656520356,
0.6099865470109875,5,120,0.0,1,0
-1.7818537095854738,-1.495477731941126,-0.9196396677314427,-0.6303904162641066,-0.3403242380400219,-0.2517101861559182,0.036541069889208286,0.13081060564601524,0.5168092923702291,0.8015223502153096,1.0871729413726712,1.3736703726774195,1.4728693175472387,
0.6099865470109875,6,27,0.0,1,0
1.6727564485940007,1.3904545012284224,1.0510426224253748,0.7763950304229679,0.5063525731528418,0.2586674343908785,-0.003804298865192182,-0.40827278772429343,-0.5811688534401078,-0.8291986430206544,-0.99413759552257,-1.3029320528729316,-1.536154378768741,
0.6099865470109875,7,226,0.0,1,0
-1.5354371022157134,-1.1521530978358359,-1.103301012217524,-1.0488540505831054,-0.65203099402771,-0.2515748006894109,0.15229640304520647,0.22517483872168914,0.6362394098271403,0.7180793361521459,1.1357317929561648,1.2260729977989007,1.6497562790680533,
0.6099865470109875,7,259,0.0,1,0
-1.4977529592412564,-1.341248860955481,-1.1160209097593303,-0.8029273938538048,-0.5778874934345762,-0.26450319530918154,-0.03965134566687352,0.2740231542747576,0.4986869531401437,0.8126179914873287,1.0371279833901097,1.3513155601428486,1.6662205157853256,
0.6099865470109875,8,19,0.0,1,0
1.7712509905121532,1.4430796573856444,1.1046095940802376,0.7811326255067863,0.4623739230626645,0.148477212782677,-0.16031801470469814,-0.4638920140852229,-0.7620052947304187,-0.718894211554124,-1.1477778437876562,-1.0924519471160543,-1.3655846773519837,
0.6099865470109875,8,34,0.0,1,0
1.6275004407931786,0.9984934110723112,1.216956113097203,0.6204083044442853,0.8645832056948236,0.30146740247372233,-0.24219693161410222,0.042582426867745014,-0.4660695038169854,-0.9539938763608729,-1.4206431354932385,-1.0797588455750018,-1.5093290115830624,
0.6099865470109875,8,260,0.0,1,0
-1.6105994871407425,-1.307392754541143,-1.0823889176031656,-0.77865983306125,-0.5539087362859605,-0.24969098735370615,-0.02520950235804493,0.2794632234125707,0.503691968245544,0.8088026321918681,1.032795341433382,1.3383275173937061,1.644769535666943,
0.6099865470109875,8,342,0.0,1,0
1.6999226301619075,1.3983075912930347,1.097504727757298,0.7967018393716437,0.49589900068582515,0.19509611230017074,-0.10570677608548369,-0.4065096147713024,-0.5559334631946311,-0.8567062334798118,-1.0040545173619209,-1.3047370824451885,-1.44978421423154,
0.6099865470109875,8,356,0.0,1,0
1.643167163801889,1.2412667478936266,1.05130997310518,0.8648735617624835,0.4638581723637229,0.2817467181930047,0.10361828215529156,-0.2958077288566437,-0.4687461896986319,-0.8668652012190676,-1.03396995870565,-1.3935663201745225,-1.5908852206206872,
0.6099865470109875,19,74,1.0,1,0
-0.033937454074970425,0.5874659122612907,1.2303661281313505,1.8936492452307896,1.0120561958699608,0.14226982896506288,-0.7145963151693442,0.014179917605130968,0.014179917605130968,-1.6249259940646772,-1.6249259940646772,-0.8456935197603392,-0.0500878685347047,
0.6099865470109875,9,106,0.0,1,0
-0.6306492936764486,-0.6251377924332819,-0.6085711426194211,-0.5809815904627924,-0.9934158528527081,-0.9427547254742836,-0.8810386498122948,-0.3618027775067302,0.1647070226423794,0.6100501629308597,1.141686913033547,1.585844353512464,2.1220633727187117,
0.5310044064107187,0,152,0.0,1,0
-1.8505219948108245,-1.4592585426235358,-1.1140270047937877,-0.6667749982165189,-0.2637730361507155,0.23026119270546702,0.47084627323663736,0.9190830598181485,1.1303609134656747,1.0053166814066146,0.8517935779939336,0.7466938779689043,
0.5310044064107187,11,94,1.0,1,0
-1.0925128816743332,-0.946626151392799,-0.8676890960530954,-0.8794113960482519,-0.6075964278667869,-0.600257273507467,-0.31358040319599856,0.24678699834254375,0.5436979164933025,1.1107317712710754,1.4168370350789243,1.9896199085528794,
0.5310044064107187,1,119,0.0,1,0
-1.5738225838793478,-1.2551490110891093,-0.9331380018315141,-0.7782074176455791,-0.44899640610306196,-0.2850284074901541,0.1342384399294785,0.4700869287354085,0.722367031055872,0.9749471891198614,1.3150706136969434,1.6576316255012071,
0.5310044064107187,1,233,0.0,1,0
1.6874809772365051,1.3245000326336256,0.9643704863272816,0.7615562831858431,0.40953678484564665,0.06121393632065019,-0.19077768635861553,-0.4612151300023445,-0.7945311772103946,-1.0415754273475843,-1.201115871742799,-1.5194432078878086,
0.5310044064107187,1,373,0.0,1,0
1.5797423271322393,1.1839033341993026,0.9161220925532342,0.6845844602460844,0.42299765782672744,0.3650127947745939,-0.060773719433020616,-0.3113183199445031,-0.7105970003863692,-0.9342906170295644,-1.3568393769893874,-1.7785436329493476,
0.5310044064107187,13,81,1.0,1,0
1.6176998517569954,0.6034777537145284,0.08492873897864389,0.4263676608007046,-0.47511304596343007,-0.7934129571656806,-1.6075194842939373,-1.7784671464724933,-0.5053312784369498,0.7651837628143525,0.779802595105162,0.8823835491621531,
0.5310044064107187,13,224,1.0,1,0
0.717707457763365,1.1972027853137512,1.2813992731036468,-7.782204891793913E-4,-1.194786817227971,-0.09077767777744547,0.3323373176169789,1.1709244862882746,0.26892280145737946,-0.5412442195585428,-1.2586566504498906,-1.8822505360404285,
0.5310044064107187,15,294,1.0,1,0
-1.6524685273229578,-1.289983012473047,-1.036715740500314,-0.7394906745240558,-0.4065855115428217,-0.09694348897929665,0.219348316393553,0.42769502289024275,0.7682702926751588,0.9697263179496737,1.3122505627778027,1.52489644265604,
0.5310044064107187,16,259,1.0,1,0
0.7788881612641028,-0.2189137998722524,-1.1455684566208184,1.6101008477243552,0.7788881612641028,-0.6611282288037198,-1.2670401159047995,-1.794862936018865,1.056826902342154,0.62010749264735,0.26118786807579425,-0.018485896097404062,
0.5310044064107187,17,130,1.0,1,0
0.7367516592024704,-0.28142502600627,-1.2270014603299921,1.5849371557169032,0.7367516592024704,-0.036177234525934916,-1.3509531912879937,-1.8895540941676074,1.0203656086742845,0.5747288447458415,0.208480407968697,-0.07690432919289894,
0.5310044064107187,18,75,1.0,1,0
1.1051935917042095,1.3833467321884603,0.5902298847188474,0.8978047444164452,0.11635510553980093,0.4538587705879935,-0.31448633136033877,0.05336908888289468,0.05336908888289468,-0.700180707841357,-1.4483195923430663,-2.1905403753767834,
0.5310044064107187,8,178,0.0,1,0
1.5517837958376182,1.1603705531918505,0.9803809113712689,0.803216712359914,0.6289762527269701,0.23913270773515335,-0.1505735073532778,-0.5401423276988975,-0.7578644951646899,-0.9734871620300893,-1.363958547179831,-1.5778348937959896,
0.5310044064107187,10,405,1.0,1,0
1.5505249764720181,1.2790138251440117,1.0096555581987254,0.742654971313504,0.6240894183489961,0.36491028691438315,-0.04176372970738701,-0.14347307395027054,-0.39196863692374756,-0.7948952861699771,-1.0631088401866386,-1.4895140754102798,-1.6461253940433345,
0.5310044064107187,0,57,0.0,1,0
1.5985881169915852,1.300813544618536,1.009935385654261,0.6847250888087525,0.5869807888732991,0.3142684261780374,2.1563944777999594E-4,-0.08035336450613938,-0.566309128793968,-0.6352347816100883,-1.1112479065383591,-1.4057144248071936,-1.6966673843165045,
0.5310044064107187,0,201,0.0,1,0
1.718095130319884,1.4626072662920269,1.03652999797082,0.7911976587421904,0.4072687931828811,0.16733706980746924,-0.06996772171899163,-0.25831463916086084,-0.6267900699669974,-0.8532055372749358,-1.076495066458409,-1.241727907595037,-1.4565349741400393,
0.5310044064107187,11,233,1.0,1,0
-0.25983060794936685,-1.0882626102254718,-1.694825846264624,-0.45149230272724467,0.19853062380824157,-0.3253630525568823,-0.22317995901705986,-0.6731784063195012,-0.5120892470914941,0.23737475129233354,1.558396688599296,1.7708057229030874,1.4631142455486539,
0.5310044064107187,1,174,0.0,1,0
1.09693722089168,0.8748728248091758,0.11602783789646832,0.8602938521112566,1.0554793355785932,0.8998008853640933,0.19134759226468626,0.07208580685245262,-0.02628180602664401,-0.690255216345798,-0.7513993868182773,-1.3860097387913348,-2.3128992077864283,
0.5310044064107187,1,328,0.0,1,0
-1.66331483671941,-1.4050417079811335,-1.0172870820287965,-0.7585498896325609,-0.4706383550290338,-0.2405717234143687,0.018656206067098884,0.2509642152213715,0.5108286185576544,0.7972548975649976,1.0570666737344867,1.3435590740539554,1.5770739096057322,
0.5310044064107187,1,344,0.0,1,0
0.6585053136312811,1.2770414937348649,0.9776923864259318,0.569501412699034,0.3246250095088465,1.049812499410948,0.8501515145370915,-0.2778816026586381,-0.4345209615174731,-0.6275973338055534,-0.7704979874854078,-1.7603060112894602,-1.8365257331915226,
0.5310044064107187,2,206,0.0,1,0
1.6719154786759327,1.4102368798566356,1.1465139927923536,0.7509428773859776,0.4872331593047844,0.09167521288149744,-0.03624279021640134,-0.2942285289358114,-0.5576876204756905,-0.8135236266714881,-1.076745353067059,-1.3301677850078826,-1.4499218965228469,
0.5310044064107187,13,337,1.0,1,0
-1.5368840531748302,-1.331165765180761,-1.0133941388757666,-0.8058943832290762,-0.5969629592147147,-0.28065469861303954,-0.0691462134949535,0.24900736086776828,0.46166120647639847,0.7797935632939971,1.097936496638648,1.4160688534562467,1.6296347310500836,
0.5310044064107187,3,268,0.0,1,0
-1.5658178373154046,-1.3913969125054257,-0.9470487827792814,-0.8494928363453866,-0.6627480062650504,-0.47305472569190865,-0.010093194409305251,0.4571071703969127,0.9284058714237826,0.7913781543337832,1.271858005357506,1.146957895887618,1.303945197912168,
0.5310044064107187,14,423,1.0,1,0
-0.4893848659535386,-0.7933744789539356,-0.8709311032797921,-1.0445970338613015,-1.0055692938363192,-0.9132607930976548,-0.5402105438535951,-0.041714114645495355,0.3254953654955072,0.745670852143317,1.1158675278703278,1.571154737108899,1.9408537448635261,
0.5310044064107187,4,209,0.0,1,0
-1.2280353916276,-1.4961631722240112,-1.0313303369421891,-0.5629848565886388,-0.8068438436952847,-0.5556403559880784,-0.06989156243757653,0.4181989262867152,0.2145218855117449,1.2065095100054906,1.0240677402673486,1.5269536336784602,1.36063782375363,
0.5310044064107187,15,347,1.0,1,0
-2.4763167821041847,-1.6534904715991907,-0.8268472335041431,0.43615295273731686,0.7834949188223168,0.3067942592534157,0.26180926342639815,0.23999024947641656,0.6792091156202633,1.1291430649621002,0.740200632160089,0.37628909410408995,0.0035709366451223278,
0.5310044064107187,16,431,1.0,1,0
-0.7786787734189041,-0.5342390419159451,-0.910380719003454,-1.2775649579141162,-0.9904893830025575,-0.6877848703822877,-0.3710971269789661,-0.04197896542097653,0.27516586014963895,0.6038728588804657,1.2497700747135339,1.5676918344068467,1.8957132098867329,
0.5310044064107187,17,302,1.0,1,0
-0.7786784672681077,-0.5342394765464509,-0.9103805915524014,-1.277565098946671,-0.9904893637436878,-0.6877849391749404,-0.37109689489955516,-0.04197902506316719,0.27516592438373955,0.6038727906074075,1.2497699802326603,1.5676920905544487,1.8957130714167147,
0.5310044064107187,17,415,1.0,1,0
1.3630230129688403,0.9105991326642221,1.0450183760619725,0.5956994901409768,0.7405166433009547,0.2946323121443556,0.4500354857635485,0.00786806553736989,-0.43321724287977487,-0.2640286459882439,-1.1363659567520434,-1.5705350600659536,-2.003245612896236,
0.5310044064107187,7,2,0.0,1,0
1.5533067850561477,1.438168323339577,1.020404481425861,0.8694336026844733,0.5690320943013083,0.2707782844740565,-0.02523228745665394,-0.3189621803978731,-0.6102964889264116,-0.8991594916594595,-1.1854564238996887,-1.2006257472617767,-1.4813909516795472,
0.5310044064107187,9,210,0.0,1,0
-0.15616768184847046,0.48631651074812743,-0.21675920679069488,0.5462409347792423,1.378723458173948,0.8050569786297483,0.26618710801632894,1.2604325686978828,0.8050569786297483,-1.1328451095255205,-1.5238496310519023,-1.875832223762057,-0.6425606846962459,
0.5310044064107187,9,365,0.0,1,0
1.626674180454645,1.3990271003541757,1.1766986736343015,0.6827546948930268,0.4673108214748717,0.2579817177273855,0.0550905218851976,-0.4335100243656645,-0.6272554760383332,-0.8135438915272605,-0.9919775622359772,-1.1621851899045037,-1.6370655663518827,
0.49342260576014474,10,111,1.0,1,0
2.2808236353446767,1.173370728606184,0.2229017052983648,-0.8471584388350353,-1.1744689853119628,-1.429958979881342,-0.7383568706486356,-0.012409321378722117,-0.09633721404627305,-0.1123155699034984,-0.07632294468447533,0.8102322554407302,
0.49342260576014474,11,219,1.0,1,0
-1.6213776339435737,-1.1643129428627033,-0.6778601285364353,-0.1821381124036869,-0.2669528797889216,-0.6324192012678581,-0.39942076191679776,0.0686618039662047,0.5368919215315954,1.0052483474322127,1.5405760888927946,1.7931034988971648,
0.49342260576014474,1,91,0.0,1,0
-1.8125362895458959,-1.381495457122639,-0.4721931711859833,-0.5247129721278543,-0.5640791106133224,-0.09097512533685895,-0.07020386175193735,0.44382781808247795,0.5053847436329405,1.0583094409557348,1.1594690654902096,1.7492049195231416,
0.49342260576014474,12,266,1.0,1,0
-1.6776802086984,-1.3158143698065945,-1.0560500382800206,-0.788124130600655,-0.3183542878289475,-0.0362114219223595,0.2528852040844843,0.4803105349712461,0.784579227536034,0.906165845893586,1.2230497695818163,1.5452438750698068,
0.49342260576014474,2,75,0.0,1,0
1.3703108388752663,1.6883243140783784,0.938529380493663,0.6571366299525082,0.38448388017606805,0.3134399617249776,-0.3791779419406513,-0.6151612128671559,-0.8415742932947233,-0.8334689523103438,-1.0339058013836524,-1.6489368035043224,
0.49342260576014474,2,172,0.0,1,0
1.5369372405163335,1.409949818943214,0.9892317457934579,0.7088047076612284,0.4284058122629507,0.13392814390615634,-0.1465833224279285,-0.44060971957714457,-0.7212199323461475,-1.0147812337868973,-1.2955045112238834,-1.5885587497213263,
0.49342260576014474,2,192,0.0,1,0
1.5821330259269966,1.2715585508312635,0.9701030353759168,0.8111546041370047,0.3588128316525869,0.2008155549064965,-0.10684505083652034,-0.408617617789474,-0.7152063101859761,-1.0170543157184906,-1.3224804965360621,-1.6243738117637465,
0.49342260576014474,2,278,0.0,1,0
-1.5633248655725722,-1.3180978602379816,-1.0072194716652798,-0.7581052268145536,-0.4379373639523691,-0.11166710019414847,0.1429667660287292,0.39833913286103073,0.7341518921391064,0.992011915228582,1.3344324369666938,1.5944497452127597,
0.49342260576014474,2,309,0.0,1,0
-1.659111467247834,-1.2843431102336327,-1.0332269890225347,-0.654774043984878,-0.465491113390842,-0.08569707268146737,0.10314823982282666,0.4841987014559947,0.7392252924509296,1.0548145077081124,1.242826871947335,1.5584301831759888,
0.49342260576014474,2,473,0.0,1,0
-1.1148915773196915,-1.0311591215152536,-1.0834600841523458,-0.5954016387784781,-0.4854486433891855,-0.4956159726287271,-0.3660318616318406,0.02759149433930916,0.5432790451452202,1.1721306281039423,1.689874241015486,1.7391334908115648,
0.49342260576014474,13,95,1.0,1,0
-1.7419232638345907,-1.4522041531193493,-0.9552793386249812,-0.45682954787032964,-0.1489155240467773,0.16842426468430213,0.4947211323044372,0.09067186357622257,0.2673259976115919,0.6228857979532958,1.2976376735253032,1.8134850978408719,
0.49342260576014474,3,91,0.0,1,0
1.856183985641565,0.8211213570283256,0.7533598377318518,-0.15753284601767545,0.7533598377318518,-0.922415500717368,-1.6242220051128358,-1.467714471454103,-0.3031801368229455,-0.06348375623221156,-0.5004168668546696,0.8549405650782976,
0.49342260576014474,3,173,0.0,1,0
-1.654818406482882,-1.3687554130542026,-1.1051946938127977,-0.807548972935417,-0.3045404948545876,-0.03446596426843225,0.23707713637508054,0.5514455672910379,1.060304642377489,1.2508869997411318,1.136078095470618,1.039531504152962,
0.49342260576014474,14,161,1.0,1,0
1.3625225941234709,0.989758287018548,0.91478138567544,0.5640584895927969,0.4775310584850653,0.3850022620256894,0.34861136892182804,0.05445447780190301,-0.46967565424162183,-1.2258222353222248,-1.7202945747452183,-1.6809274593356718,
0.49342260576014474,14,194,1.0,1,0
2.342508850282665,1.4898182387339722,0.85084491133944,0.2123891042489158,-0.28069158319468207,-0.36449637448536737,-0.42669212670788353,-0.46704180707273096,-0.7010739050217426,-0.6973430505944771,-0.8866477326674261,-1.071574524860687,
0.49342260576014474,14,255,1.0,1,0
-2.5689328132826272,-0.9765118943661927,-0.28635816637824824,0.39406519175188975,0.30615664629391587,0.29363462051480804,-0.4889962300961655,-0.3496456935052599,0.6280083199175773,0.890464856609734,1.3550513326423348,0.8030638298982726,
0.49342260576014474,4,58,0.0,1,0
1.6650596424996926,1.4054003691764747,0.9003905328666023,0.6554607321020569,0.4159253810324819,0.1820139462079516,-0.2679421577329081,-0.4834513313520932,-0.6923034744220999,-0.8941543871178165,-1.275857725054229,-1.6105415282061097,
0.49342260576014474,4,376,0.0,1,0
1.4827844734462357,1.4184615629419253,0.947751424997118,0.7128594361560274,0.47833309743516544,0.2441479640624726,-0.22302794339634005,-0.4559943523655897,-0.6884976835463261,-0.9205134781096914,-1.3829608660799273,-1.6133436355410697,
0.49342260576014474,4,477,0.0,1,0
-1.6714862418823724,-1.3727746173184274,-0.7753513611168152,-0.7566837499128483,-0.4582712896940657,-0.15982892430696397,0.16137955560224562,0.45949284911795846,0.7576361053119297,1.0558092091642806,1.082225076949925,1.67785338808515,
0.49342260576014474,5,80,0.0,1,0
1.4801313126358628,1.5582741388584336,0.9257141385008274,0.1934366341320238,0.32295868008740425,0.4750937087240854,-0.24754573047848177,-0.06775804678768518,-0.5747246873275623,-1.2817207654408966,-1.0435842404252225,-1.7402751424787775,
0.49342260576014474,5,100,0.0,1,0
1.8721539488506318,0.659999681617914,1.5800066481380506,0.41892195360178885,-0.7170775940122126,-0.7795643268697222,0.29770600098445305,-0.7170775940122126,0.41892195360178885,-0.5305245627025883,-1.4416675847494633,-1.0617985244484514,
0.49342260576014474,5,355,0.0,1,0
1.569694124411091,1.1260903240013513,1.1026559216039724,0.6905317847237207,0.6761327816640518,0.2636785746401289,-0.15380909373666685,-0.5663870228954061,-0.97896502427956,-0.9736840464316413,-1.3860969405185444,-1.36984138318249,
0.49342260576014474,5,458,0.0,1,0
-1.4891909223255837,-1.1834980096513086,-1.138866293048474,-0.8337289473354678,-0.5284989891179273,-0.22317636436288735,0.3877463984629947,0.4335204260100199,0.738503561636715,1.0435482948451886,1.0922541511530015,1.7013866937337232,
0.49342260576014474,16,82,1.0,1,0
1.7951654356452438,1.308347277534482,0.8464227647755458,0.41052788967672177,0.0016953291357810732,-0.37904104693090707,-1.0520956117672011,-1.34265767716167,-1.601199123406274,-0.5962646800973764,0.41052788967672177,0.19857155291892023,
0.49342260576014474,16,106,1.0,1,0
-1.9420244418329837,-0.8912024370076345,-0.6161136246761224,0.4299391682329275,1.4776178148994352,1.214776858845889,0.9756728744144123,0.7606310298527572,0.5700848853283322,-0.49862111023062505,-0.6683566671682538,-0.8124043506581313,
0.49342260576014474,16,235,1.0,1,0
0.8343241296491338,1.969249137041426,0.687898939635164,-0.570977724571174,0.6389752674531148,-0.570977724571174,-1.754826404145511,-0.47122873361791895,0.8343241296491338,-0.27242240477575763,-1.3490886199751944,0.024750008228759852,
0.49342260576014474,6,11,0.0,1,0
1.5447405148730702,1.2540347662799471,1.009980058566849,0.720313570716181,0.4767387240669631,0.1881732872875246,-0.08643147925265528,-0.4061596193955252,-0.6806578962201599,-1.0312023194789768,-1.3052653031577195,-1.6842643042854917,
0.49342260576014474,6,250,0.0,1,0
-1.5933967405182397,-1.270597160366295,-1.012057674366315,-0.7535090476616847,-0.4299965060787451,-0.17009501449052442,0.15405744407677124,0.4152111648409767,0.7399211996260858,1.002226676239804,1.3274394836101056,1.5907961750880597,
0.49342260576014474,6,429,0.0,1,0
-1.5732596345874845,-1.2826513413498533,-1.0096557459673494,-0.7365992748352905,-0.44441907589138296,-0.17105867599069607,0.12225052061891087,0.3958627802732966,0.7539253252635764,1.027580975763737,1.3220887239577523,1.595935422744792,
0.49342260576014474,17,64,1.0,1,0
-1.503249439328913,-1.2973448738523183,-0.9229068219065827,-0.7139201290218019,-0.4982126764841111,-0.2760412176350564,0.08910760220217055,0.31367623281735224,0.677369589872057,1.1369519427679553,1.3753474451055188,1.6192223454637258,
0.49342260576014474,17,106,1.0,1,0
0.8343240840789818,1.9692492116825693,0.6878989235751384,-0.5709777537692703,0.6389752393478744,-0.5709777537692703,-1.7548263660085581,-0.47122867690651216,0.8343240840789818,-0.2724223075368885,-1.3490886539399323,0.024749969166837252,
0.49342260576014474,17,177,1.0,1,0
-0.42242117161847526,-1.286972759162066,-0.6514767067034714,-1.4967451493327881,-0.8354668958345166,-0.16023234458632257,0.528425905796752,-0.274014351065772,1.1636023990863211,1.9002025199525334,1.141442606640871,0.39365594682693483,
0.49342260576014474,17,222,1.0,1,0
1.8776553161299576,1.4305367737751509,0.9950414522977239,0.5713645694545697,0.15979229673021297,-0.23948347569385706,-0.6261732487577171,-0.9999897417850339,-0.11113112811601396,-0.46659826118774717,-1.1378534090521184,-1.4531611437951426,
0.49342260576014474,17,273,1.0,1,0
1.7440499752642489,1.385393340048398,1.0269175667633696,0.6686219461466891,0.31054369361757234,-0.04731802525042308,-0.09212755949303407,-0.4846801403816512,-0.8450355426649281,-1.205282052297813,-1.2269279085721385,-1.2341552931802908,
0.49342260576014474,17,463,1.0,1,0
0.9360111980718689,1.6692190546997179,1.247035443360762,0.8446589816785746,0.4628582199822184,0.10257203756941519,-0.23534575217643552,-0.5500413358719364,-0.8406602101436549,-1.3465126045553677,-1.5602084326172052,-0.729586599997952,
0.49342260576014474,17,489,1.0,1,0
-1.9420243919796043,-0.8912024692848282,-0.6161137188588045,0.4299391749165846,1.4776178182618793,1.2147768601258735,0.9756728818574185,0.760631035873266,0.5700848920993559,-0.4986210392093416,-0.6683566724745079,-0.8124043713272892,
0.49342260576014474,7,314,0.0,1,0
1.516958113516595,1.3138446781070512,0.9495566166858419,0.7472863769899953,0.5461892412673028,0.181406255210068,-0.18330340406798945,-0.38372236045355473,-0.7486519378223027,-0.9480627443644422,-1.3132123020707223,-1.6782885329978248,
0.49342260576014474,7,333,0.0,1,0
1.6155537021718345,1.2655991193777705,1.0763528424140123,0.72615239294239,0.3760046520630493,0.18786473727779412,-0.16252889950201757,-0.512869815761828,-0.6997804001412217,-1.0503496129514438,-1.2356093413193565,-1.5863893765709858,
